    1.0345689023E+02    4.7780426598E-11
    2.0691378046E+02    1.5931739870E-10
    3.1037067069E+02    5.1484619071E-10
    4.1382756093E+02    1.6124747182E-09
    5.1728445116E+02    4.8945124518E-09
    6.2074134139E+02    1.4398825701E-08
    7.2419823162E+02    4.1053087481E-08
    8.2765512185E+02    1.1343986162E-07
    9.3111201208E+02    3.0379922716E-07
    1.0345689023E+03    7.8851281268E-07
    1.1380257925E+03    1.9834988720E-06
    1.2414826828E+03    4.8356657531E-06
    1.3449395730E+03    1.1425670724E-05
    1.4483964632E+03    2.6164247398E-05
    1.5518533535E+03    5.8067870983E-05
    1.6553102437E+03    1.2490064259E-04
    1.7587671339E+03    2.6037216575E-04
    1.8622240242E+03    5.2604821536E-04
    1.9656809144E+03    1.0300484689E-03
    2.0691378046E+03    1.9547484772E-03
    2.1725946949E+03    3.5952179161E-03
    2.2760515851E+03    6.4085631531E-03
    2.3795084753E+03    1.1071264610E-02
    2.4829653656E+03    1.8536806071E-02
    2.5864222558E+03    3.0079713495E-02
    2.6898791460E+03    4.7305713533E-02
    2.7933360363E+03    7.2103212197E-02
    2.8967929265E+03    1.0651155905E-01
    3.0002498167E+03    1.5248951518E-01
    3.1037067069E+03    2.1158473842E-01
    3.2071635972E+03    2.8453114228E-01
    3.3106204874E+03    3.7083130472E-01
    3.4140773776E+03    4.6840776310E-01
    3.5175342679E+03    5.7342007407E-01
    3.6209911581E+03    6.8033500022E-01
    3.7244480483E+03    7.8230093425E-01
    3.8279049386E+03    8.7181833234E-01
    3.9313618288E+03    9.4162777076E-01
    4.0348187190E+03    9.8567475364E-01
    4.1382756093E+03    9.9997495024E-01
    4.2417324995E+03    9.8320872099E-01
    4.3451893897E+03    9.3692199932E-01
    4.4486462800E+03    8.6529115459E-01
    4.5521031702E+03    7.7450139645E-01
    4.6555600604E+03    6.7186692100E-01
    4.7590169507E+03    5.6486598969E-01
    4.8624738409E+03    4.6026580184E-01
    4.9659307311E+03    3.6347379183E-01
    5.0693876214E+03    2.7818813883E-01
    5.1728445116E+03    2.0635035934E-01
    5.2763014018E+03    1.4834501722E-01
    5.3797582920E+03    1.0335745580E-01
    5.4832151823E+03    6.9792984606E-02
    5.5866720725E+03    4.5675451011E-02
    5.6901289627E+03    2.8970435997E-02
    5.7935858530E+03    1.7808540628E-02
    5.8970427432E+03    1.0609691227E-02
    6.0004996334E+03    6.1260180419E-03
    6.1039565237E+03    3.4281112828E-03
    6.2074134139E+03    1.8592280576E-03
    6.3108703041E+03    9.7726316842E-04
    6.4143271944E+03    4.9784197505E-04
    6.5177840846E+03    2.4579475085E-04
    6.6212409748E+03    1.1761285982E-04
    6.7246978651E+03    5.4542888003E-05
    6.8281547553E+03    2.4514473064E-05
    6.9316116455E+03    1.0678447299E-05
    7.0350685358E+03    4.5081127353E-06
    7.1385254260E+03    1.8445164833E-06
    7.2419823162E+03    7.3142773864E-07
    7.3454392064E+03    2.8110037542E-07
    7.4488960967E+03    1.0470141186E-07
    7.5523529869E+03    3.7795906304E-08
    7.6558098771E+03    1.3223246767E-08
    7.7592667674E+03    4.4836587882E-09
    7.8627236576E+03    1.4734252916E-09
    7.9661805478E+03    4.6927216973E-10
    8.0696374381E+03    1.4485136465E-10
    8.1730943283E+03    4.3333273341E-11
    8.2765512185E+03    1.2563814479E-11
    8.3800081088E+03    3.5303896943E-12
    8.4834649990E+03    9.6144598849E-13
    8.5869218892E+03    2.5376297087E-13
    8.6903787795E+03    6.4913155574E-14
    8.7938356697E+03    1.6093047996E-14
    8.8972925599E+03    3.8667402993E-15
    9.0007494502E+03    9.0043592955E-16
    9.1042063404E+03    2.0321779779E-16
    9.2076632306E+03    4.4450001366E-17
    9.3111201208E+03    9.4228641486E-18
    9.4145770111E+03    1.9359547152E-18
    9.5180339013E+03    3.8548596625E-19
    9.6214907915E+03    7.4391456714E-20
    9.7249476818E+03    1.3913572882E-20
    9.8284045720E+03    2.5220598290E-21
    9.9318614622E+03    4.4307088798E-22
    1.0035318352E+04    7.5438346315E-23
    1.0138775243E+04    1.2448362224E-23
    1.0242232133E+04    1.9908263833E-24
    1.0345689023E+04    3.0857140036E-25
    1.0449145913E+04    4.6353130351E-26
    1.0552602804E+04    6.7484429210E-27
    1.0656059694E+04    9.5220224831E-28
    1.0759516584E+04    1.3021347813E-28
    1.0862973474E+04    1.7257734752E-29
    1.0966430365E+04    2.2167297668E-30
    1.1069887255E+04    2.7595789904E-31
    1.1173344145E+04    3.3294616726E-32
    1.1276801035E+04    3.8931964893E-33
    1.1380257925E+04    4.4120430320E-34
    1.1483714816E+04    4.8458980092E-35
    1.1587171706E+04    5.1583393843E-36
    1.1690628596E+04    5.3216544201E-37
    1.1794085486E+04    5.3208931556E-38
    1.1897542377E+04    5.1561259941E-39
    1.2000999267E+04    4.8424329636E-40
    1.2104456157E+04    4.4076269174E-41
    1.2207913047E+04    3.8881870482E-42
    1.2311369938E+04    3.3242263309E-43
    1.2414826828E+04    2.7544515290E-44
    1.2518283718E+04    2.2119779672E-45
    1.2621740608E+04    1.7215814421E-46
    1.2725197498E+04    1.2986001882E-47
    1.2828654389E+04    9.4934586631E-49
    1.2932111279E+04    6.7262743802E-50
    1.3035568169E+04    4.6187643812E-51
    1.3139025059E+04    3.0738180039E-52
    1.3242481950E+04    1.9825840380E-53
    1.3345938840E+04    1.2393277492E-54
    1.3449395730E+04    7.5083041292E-56
    1.3552852620E+04    4.4085792358E-57
    1.3656309511E+04    2.5087452267E-58
    1.3759766401E+04    1.3836160169E-59
    1.3863223291E+04    7.3956391996E-61
    1.3966680181E+04    3.8312188769E-62
    1.4070137072E+04    1.9235315998E-63
    1.4173593962E+04    9.3597187750E-65
    1.4277050852E+04    4.4139497831E-66
    1.4380507742E+04    2.0174049829E-67
    1.4483964632E+04    8.9363445204E-69
    1.4587421523E+04    3.8364348851E-70
    1.4690878413E+04    1.5962351590E-71
    1.4794335303E+04    6.4367557069E-73
    1.4897792193E+04    2.5155809329E-74
    1.5001249084E+04    0.0000000000E+00
    1.5104705974E+04    0.0000000000E+00
    1.5208162864E+04    0.0000000000E+00
    1.5311619754E+04    0.0000000000E+00
    1.5415076645E+04    0.0000000000E+00
    1.5518533535E+04    0.0000000000E+00
    1.5621990425E+04    0.0000000000E+00
    1.5725447315E+04    0.0000000000E+00
    1.5828904205E+04    0.0000000000E+00
    1.5932361096E+04    0.0000000000E+00
    1.6035817986E+04    0.0000000000E+00
    1.6139274876E+04    0.0000000000E+00
    1.6242731766E+04    0.0000000000E+00
    1.6346188657E+04    0.0000000000E+00
    1.6449645547E+04    0.0000000000E+00
    1.6553102437E+04    0.0000000000E+00
    1.6656559327E+04    0.0000000000E+00
    1.6760016218E+04    0.0000000000E+00
    1.6863473108E+04    0.0000000000E+00
    1.6966929998E+04    0.0000000000E+00
    1.7070386888E+04    0.0000000000E+00
    1.7173843778E+04    0.0000000000E+00
    1.7277300669E+04    0.0000000000E+00
    1.7380757559E+04    0.0000000000E+00
    1.7484214449E+04    0.0000000000E+00
    1.7587671339E+04    0.0000000000E+00
    1.7691128230E+04    0.0000000000E+00
    1.7794585120E+04    0.0000000000E+00
    1.7898042010E+04    0.0000000000E+00
    1.8001498900E+04    0.0000000000E+00
    1.8104955791E+04    0.0000000000E+00
    1.8208412681E+04    0.0000000000E+00
    1.8311869571E+04    0.0000000000E+00
    1.8415326461E+04    0.0000000000E+00
    1.8518783351E+04    0.0000000000E+00
    1.8622240242E+04    0.0000000000E+00
    1.8725697132E+04    0.0000000000E+00
    1.8829154022E+04    0.0000000000E+00
    1.8932610912E+04    0.0000000000E+00
    1.9036067803E+04    0.0000000000E+00
    1.9139524693E+04    0.0000000000E+00
    1.9242981583E+04    0.0000000000E+00
    1.9346438473E+04    0.0000000000E+00
    1.9449895364E+04    0.0000000000E+00
    1.9553352254E+04    0.0000000000E+00
    1.9656809144E+04    0.0000000000E+00
    1.9760266034E+04    0.0000000000E+00
    1.9863722924E+04    0.0000000000E+00
    1.9967179815E+04    0.0000000000E+00
    2.0070636705E+04    0.0000000000E+00
    2.0174093595E+04    0.0000000000E+00
    2.0277550485E+04    0.0000000000E+00
    2.0381007376E+04    0.0000000000E+00
    2.0484464266E+04    0.0000000000E+00
    2.0587921156E+04    0.0000000000E+00
    2.0691378046E+04    0.0000000000E+00
    2.0794834937E+04    0.0000000000E+00
    2.0898291827E+04    0.0000000000E+00
    2.1001748717E+04    0.0000000000E+00
    2.1105205607E+04    0.0000000000E+00
    2.1208662497E+04    0.0000000000E+00
    2.1312119388E+04    0.0000000000E+00
    2.1415576278E+04    0.0000000000E+00
    2.1519033168E+04    0.0000000000E+00
    2.1622490058E+04    0.0000000000E+00
    2.1725946949E+04    0.0000000000E+00
    2.1829403839E+04    0.0000000000E+00
    2.1932860729E+04    0.0000000000E+00
    2.2036317619E+04    0.0000000000E+00
    2.2139774510E+04    0.0000000000E+00
    2.2243231400E+04    0.0000000000E+00
    2.2346688290E+04    0.0000000000E+00
    2.2450145180E+04    0.0000000000E+00
    2.2553602070E+04    0.0000000000E+00
    2.2657058961E+04    0.0000000000E+00
    2.2760515851E+04    0.0000000000E+00
    2.2863972741E+04    0.0000000000E+00
    2.2967429631E+04    0.0000000000E+00
    2.3070886522E+04    0.0000000000E+00
    2.3174343412E+04    0.0000000000E+00
    2.3277800302E+04    0.0000000000E+00
    2.3381257192E+04    0.0000000000E+00
    2.3484714083E+04    0.0000000000E+00
    2.3588170973E+04    0.0000000000E+00
    2.3691627863E+04    0.0000000000E+00
    2.3795084753E+04    0.0000000000E+00
    2.3898541644E+04    0.0000000000E+00
    2.4001998534E+04    0.0000000000E+00
    2.4105455424E+04    0.0000000000E+00
    2.4208912314E+04    0.0000000000E+00
    2.4312369204E+04    0.0000000000E+00
    2.4415826095E+04    0.0000000000E+00
    2.4519282985E+04    0.0000000000E+00
    2.4622739875E+04    0.0000000000E+00
    2.4726196765E+04    0.0000000000E+00
    2.4829653656E+04    0.0000000000E+00
    2.4933110546E+04    0.0000000000E+00
    2.5036567436E+04    0.0000000000E+00
    2.5140024326E+04    0.0000000000E+00
    2.5243481217E+04    0.0000000000E+00
    2.5346938107E+04    0.0000000000E+00
    2.5450394997E+04    0.0000000000E+00
    2.5553851887E+04    0.0000000000E+00
    2.5657308777E+04    0.0000000000E+00
    2.5760765668E+04    0.0000000000E+00
    2.5864222558E+04    0.0000000000E+00
    2.5967679448E+04    0.0000000000E+00
    2.6071136338E+04    0.0000000000E+00
    2.6174593229E+04    0.0000000000E+00
    2.6278050119E+04    0.0000000000E+00
    2.6381507009E+04    0.0000000000E+00
    2.6484963899E+04    0.0000000000E+00
    2.6588420790E+04    0.0000000000E+00
    2.6691877680E+04    0.0000000000E+00
    2.6795334570E+04    0.0000000000E+00
    2.6898791460E+04    0.0000000000E+00
    2.7002248350E+04    0.0000000000E+00
    2.7105705241E+04    0.0000000000E+00
    2.7209162131E+04    0.0000000000E+00
    2.7312619021E+04    0.0000000000E+00
    2.7416075911E+04    0.0000000000E+00
    2.7519532802E+04    0.0000000000E+00
    2.7622989692E+04    0.0000000000E+00
    2.7726446582E+04    0.0000000000E+00
    2.7829903472E+04    0.0000000000E+00
    2.7933360363E+04    0.0000000000E+00
    2.8036817253E+04    0.0000000000E+00
    2.8140274143E+04    0.0000000000E+00
    2.8243731033E+04    0.0000000000E+00
    2.8347187923E+04    0.0000000000E+00
    2.8450644814E+04    0.0000000000E+00
    2.8554101704E+04    0.0000000000E+00
    2.8657558594E+04    0.0000000000E+00
    2.8761015484E+04    0.0000000000E+00
    2.8864472375E+04    0.0000000000E+00
    2.8967929265E+04    0.0000000000E+00
    2.9071386155E+04    0.0000000000E+00
    2.9174843045E+04    0.0000000000E+00
    2.9278299936E+04    0.0000000000E+00
    2.9381756826E+04    0.0000000000E+00
    2.9485213716E+04    0.0000000000E+00
    2.9588670606E+04    0.0000000000E+00
    2.9692127496E+04    0.0000000000E+00
    2.9795584387E+04    0.0000000000E+00
    2.9899041277E+04    0.0000000000E+00
    3.0002498167E+04    0.0000000000E+00
    3.0105955057E+04    0.0000000000E+00
    3.0209411948E+04    0.0000000000E+00
    3.0312868838E+04    0.0000000000E+00
    3.0416325728E+04    0.0000000000E+00
    3.0519782618E+04    0.0000000000E+00
    3.0623239509E+04    0.0000000000E+00
    3.0726696399E+04    0.0000000000E+00
    3.0830153289E+04    0.0000000000E+00
    3.0933610179E+04    0.0000000000E+00
    3.1037067069E+04    0.0000000000E+00
    3.1140523960E+04    0.0000000000E+00
    3.1243980850E+04    0.0000000000E+00
    3.1347437740E+04    0.0000000000E+00
    3.1450894630E+04    0.0000000000E+00
    3.1554351521E+04    0.0000000000E+00
    3.1657808411E+04    0.0000000000E+00
    3.1761265301E+04    0.0000000000E+00
    3.1864722191E+04    0.0000000000E+00
    3.1968179082E+04    0.0000000000E+00
    3.2071635972E+04    0.0000000000E+00
    3.2175092862E+04    0.0000000000E+00
    3.2278549752E+04    0.0000000000E+00
    3.2382006643E+04    0.0000000000E+00
    3.2485463533E+04    0.0000000000E+00
    3.2588920423E+04    0.0000000000E+00
    3.2692377313E+04    0.0000000000E+00
    3.2795834203E+04    0.0000000000E+00
    3.2899291094E+04    0.0000000000E+00
    3.3002747984E+04    0.0000000000E+00
    3.3106204874E+04    0.0000000000E+00
    3.3209661764E+04    0.0000000000E+00
    3.3313118655E+04    0.0000000000E+00
    3.3416575545E+04    0.0000000000E+00
    3.3520032435E+04    0.0000000000E+00
    3.3623489325E+04    0.0000000000E+00
    3.3726946216E+04    0.0000000000E+00
    3.3830403106E+04    0.0000000000E+00
    3.3933859996E+04    0.0000000000E+00
    3.4037316886E+04    0.0000000000E+00
    3.4140773776E+04    0.0000000000E+00
    3.4244230667E+04    0.0000000000E+00
    3.4347687557E+04    0.0000000000E+00
    3.4451144447E+04    0.0000000000E+00
    3.4554601337E+04    0.0000000000E+00
    3.4658058228E+04    0.0000000000E+00
    3.4761515118E+04    0.0000000000E+00
    3.4864972008E+04    0.0000000000E+00
    3.4968428898E+04    0.0000000000E+00
    3.5071885789E+04    0.0000000000E+00
    3.5175342679E+04    0.0000000000E+00
    3.5278799569E+04    0.0000000000E+00
    3.5382256459E+04    0.0000000000E+00
    3.5485713349E+04    0.0000000000E+00
    3.5589170240E+04    0.0000000000E+00
    3.5692627130E+04    0.0000000000E+00
    3.5796084020E+04    0.0000000000E+00
    3.5899540910E+04    0.0000000000E+00
    3.6002997801E+04    0.0000000000E+00
    3.6106454691E+04    0.0000000000E+00
    3.6209911581E+04    0.0000000000E+00
    3.6313368471E+04    0.0000000000E+00
    3.6416825362E+04    0.0000000000E+00
    3.6520282252E+04    0.0000000000E+00
    3.6623739142E+04    0.0000000000E+00
    3.6727196032E+04    0.0000000000E+00
    3.6830652922E+04    0.0000000000E+00
    3.6934109813E+04    0.0000000000E+00
    3.7037566703E+04    0.0000000000E+00
    3.7141023593E+04    0.0000000000E+00
    3.7244480483E+04    0.0000000000E+00
    3.7347937374E+04    0.0000000000E+00
    3.7451394264E+04    0.0000000000E+00
    3.7554851154E+04    0.0000000000E+00
    3.7658308044E+04    0.0000000000E+00
    3.7761764935E+04    0.0000000000E+00
    3.7865221825E+04    0.0000000000E+00
    3.7968678715E+04    0.0000000000E+00
    3.8072135605E+04    0.0000000000E+00
    3.8175592495E+04    0.0000000000E+00
    3.8279049386E+04    0.0000000000E+00
    3.8382506276E+04    0.0000000000E+00
    3.8485963166E+04    0.0000000000E+00
    3.8589420056E+04    0.0000000000E+00
    3.8692876947E+04    0.0000000000E+00
    3.8796333837E+04    0.0000000000E+00
    3.8899790727E+04    0.0000000000E+00
    3.9003247617E+04    0.0000000000E+00
    3.9106704508E+04    0.0000000000E+00
    3.9210161398E+04    0.0000000000E+00
    3.9313618288E+04    0.0000000000E+00
    3.9417075178E+04    0.0000000000E+00
    3.9520532068E+04    0.0000000000E+00
    3.9623988959E+04    0.0000000000E+00
    3.9727445849E+04    0.0000000000E+00
    3.9830902739E+04    0.0000000000E+00
    3.9934359629E+04    0.0000000000E+00
    4.0037816520E+04    0.0000000000E+00
    4.0141273410E+04    0.0000000000E+00
    4.0244730300E+04    0.0000000000E+00
    4.0348187190E+04    0.0000000000E+00
    4.0451644081E+04    0.0000000000E+00
    4.0555100971E+04    0.0000000000E+00
    4.0658557861E+04    0.0000000000E+00
    4.0762014751E+04    0.0000000000E+00
    4.0865471641E+04    0.0000000000E+00
    4.0968928532E+04    0.0000000000E+00
    4.1072385422E+04    0.0000000000E+00
    4.1175842312E+04    0.0000000000E+00
    4.1279299202E+04    0.0000000000E+00
    4.1382756093E+04    0.0000000000E+00
    4.1486212983E+04    0.0000000000E+00
    4.1589669873E+04    0.0000000000E+00
    4.1693126763E+04    0.0000000000E+00
    4.1796583654E+04    0.0000000000E+00
    4.1900040544E+04    0.0000000000E+00
    4.2003497434E+04    0.0000000000E+00
    4.2106954324E+04    0.0000000000E+00
    4.2210411215E+04    0.0000000000E+00
    4.2313868105E+04    0.0000000000E+00
    4.2417324995E+04    0.0000000000E+00
    4.2520781885E+04    0.0000000000E+00
    4.2624238775E+04    0.0000000000E+00
    4.2727695666E+04    0.0000000000E+00
    4.2831152556E+04    0.0000000000E+00
    4.2934609446E+04    0.0000000000E+00
    4.3038066336E+04    0.0000000000E+00
    4.3141523227E+04    0.0000000000E+00
    4.3244980117E+04    0.0000000000E+00
    4.3348437007E+04    0.0000000000E+00
    4.3451893897E+04    0.0000000000E+00
    4.3555350788E+04    0.0000000000E+00
    4.3658807678E+04    0.0000000000E+00
    4.3762264568E+04    0.0000000000E+00
    4.3865721458E+04    0.0000000000E+00
    4.3969178348E+04    0.0000000000E+00
    4.4072635239E+04    0.0000000000E+00
    4.4176092129E+04    0.0000000000E+00
    4.4279549019E+04    0.0000000000E+00
    4.4383005909E+04    0.0000000000E+00
    4.4486462800E+04    0.0000000000E+00
    4.4589919690E+04    0.0000000000E+00
    4.4693376580E+04    0.0000000000E+00
    4.4796833470E+04    0.0000000000E+00
    4.4900290361E+04    0.0000000000E+00
    4.5003747251E+04    0.0000000000E+00
    4.5107204141E+04    0.0000000000E+00
    4.5210661031E+04    0.0000000000E+00
    4.5314117921E+04    0.0000000000E+00
    4.5417574812E+04    0.0000000000E+00
    4.5521031702E+04    0.0000000000E+00
    4.5624488592E+04    0.0000000000E+00
    4.5727945482E+04    0.0000000000E+00
    4.5831402373E+04    0.0000000000E+00
    4.5934859263E+04    0.0000000000E+00
    4.6038316153E+04    0.0000000000E+00
    4.6141773043E+04    0.0000000000E+00
    4.6245229934E+04    0.0000000000E+00
    4.6348686824E+04    0.0000000000E+00
    4.6452143714E+04    0.0000000000E+00
    4.6555600604E+04    0.0000000000E+00
    4.6659057494E+04    0.0000000000E+00
    4.6762514385E+04    0.0000000000E+00
    4.6865971275E+04    0.0000000000E+00
    4.6969428165E+04    0.0000000000E+00
    4.7072885055E+04    0.0000000000E+00
    4.7176341946E+04    0.0000000000E+00
    4.7279798836E+04    0.0000000000E+00
    4.7383255726E+04    0.0000000000E+00
    4.7486712616E+04    0.0000000000E+00
    4.7590169507E+04    0.0000000000E+00
    4.7693626397E+04    0.0000000000E+00
    4.7797083287E+04    0.0000000000E+00
    4.7900540177E+04    0.0000000000E+00
    4.8003997067E+04    0.0000000000E+00
    4.8107453958E+04    0.0000000000E+00
    4.8210910848E+04    0.0000000000E+00
    4.8314367738E+04    0.0000000000E+00
    4.8417824628E+04    0.0000000000E+00
    4.8521281519E+04    0.0000000000E+00
    4.8624738409E+04    0.0000000000E+00
    4.8728195299E+04    0.0000000000E+00
    4.8831652189E+04    0.0000000000E+00
    4.8935109080E+04    0.0000000000E+00
    4.9038565970E+04    0.0000000000E+00
    4.9142022860E+04    0.0000000000E+00
    4.9245479750E+04    0.0000000000E+00
    4.9348936640E+04    0.0000000000E+00
    4.9452393531E+04    0.0000000000E+00
    4.9555850421E+04    0.0000000000E+00
    4.9659307311E+04    0.0000000000E+00
    4.9762764201E+04    0.0000000000E+00
    4.9866221092E+04    0.0000000000E+00
    4.9969677982E+04    0.0000000000E+00
    5.0073134872E+04    0.0000000000E+00
    5.0176591762E+04    0.0000000000E+00
    5.0280048653E+04    0.0000000000E+00
    5.0383505543E+04    0.0000000000E+00
    5.0486962433E+04    0.0000000000E+00
    5.0590419323E+04    0.0000000000E+00
    5.0693876214E+04    0.0000000000E+00
    5.0797333104E+04    0.0000000000E+00
    5.0900789994E+04    0.0000000000E+00
    5.1004246884E+04    0.0000000000E+00
    5.1107703774E+04    0.0000000000E+00
    5.1211160665E+04    0.0000000000E+00
    5.1314617555E+04    0.0000000000E+00
    5.1418074445E+04    0.0000000000E+00
    5.1521531335E+04    0.0000000000E+00
    5.1624988226E+04    0.0000000000E+00
    5.1728445116E+04    0.0000000000E+00
    5.1831902006E+04    0.0000000000E+00
    5.1935358896E+04    0.0000000000E+00
    5.2038815787E+04    0.0000000000E+00
    5.2142272677E+04    0.0000000000E+00
    5.2245729567E+04    0.0000000000E+00
    5.2349186457E+04    0.0000000000E+00
    5.2452643347E+04    0.0000000000E+00
    5.2556100238E+04    0.0000000000E+00
    5.2659557128E+04    0.0000000000E+00
    5.2763014018E+04    0.0000000000E+00
    5.2866470908E+04    0.0000000000E+00
    5.2969927799E+04    0.0000000000E+00
    5.3073384689E+04    0.0000000000E+00
    5.3176841579E+04    0.0000000000E+00
    5.3280298469E+04    0.0000000000E+00
    5.3383755360E+04    0.0000000000E+00
    5.3487212250E+04    0.0000000000E+00
    5.3590669140E+04    0.0000000000E+00
    5.3694126030E+04    0.0000000000E+00
    5.3797582920E+04    0.0000000000E+00
    5.3901039811E+04    0.0000000000E+00
    5.4004496701E+04    0.0000000000E+00
    5.4107953591E+04    0.0000000000E+00
    5.4211410481E+04    0.0000000000E+00
    5.4314867372E+04    0.0000000000E+00
    5.4418324262E+04    0.0000000000E+00
    5.4521781152E+04    0.0000000000E+00
    5.4625238042E+04    0.0000000000E+00
    5.4728694933E+04    0.0000000000E+00
    5.4832151823E+04    0.0000000000E+00
    5.4935608713E+04    0.0000000000E+00
    5.5039065603E+04    0.0000000000E+00
    5.5142522493E+04    0.0000000000E+00
    5.5245979384E+04    0.0000000000E+00
    5.5349436274E+04    0.0000000000E+00
    5.5452893164E+04    0.0000000000E+00
    5.5556350054E+04    0.0000000000E+00
    5.5659806945E+04    0.0000000000E+00
    5.5763263835E+04    0.0000000000E+00
    5.5866720725E+04    0.0000000000E+00
    5.5970177615E+04    0.0000000000E+00
    5.6073634506E+04    0.0000000000E+00
    5.6177091396E+04    0.0000000000E+00
    5.6280548286E+04    0.0000000000E+00
    5.6384005176E+04    0.0000000000E+00
    5.6487462066E+04    0.0000000000E+00
    5.6590918957E+04    0.0000000000E+00
    5.6694375847E+04    0.0000000000E+00
    5.6797832737E+04    0.0000000000E+00
    5.6901289627E+04    0.0000000000E+00
    5.7004746518E+04    0.0000000000E+00
    5.7108203408E+04    0.0000000000E+00
    5.7211660298E+04    0.0000000000E+00
    5.7315117188E+04    0.0000000000E+00
    5.7418574079E+04    0.0000000000E+00
    5.7522030969E+04    0.0000000000E+00
    5.7625487859E+04    0.0000000000E+00
    5.7728944749E+04    0.0000000000E+00
    5.7832401639E+04    0.0000000000E+00
    5.7935858530E+04    0.0000000000E+00
    5.8039315420E+04    0.0000000000E+00
    5.8142772310E+04    0.0000000000E+00
    5.8246229200E+04    0.0000000000E+00
    5.8349686091E+04    0.0000000000E+00
    5.8453142981E+04    0.0000000000E+00
    5.8556599871E+04    0.0000000000E+00
    5.8660056761E+04    0.0000000000E+00
    5.8763513652E+04    0.0000000000E+00
    5.8866970542E+04    0.0000000000E+00
    5.8970427432E+04    0.0000000000E+00
    5.9073884322E+04    0.0000000000E+00
    5.9177341212E+04    0.0000000000E+00
    5.9280798103E+04    0.0000000000E+00
    5.9384254993E+04    0.0000000000E+00
    5.9487711883E+04    0.0000000000E+00
    5.9591168773E+04    0.0000000000E+00
    5.9694625664E+04    0.0000000000E+00
    5.9798082554E+04    0.0000000000E+00
    5.9901539444E+04    0.0000000000E+00
    6.0004996334E+04    0.0000000000E+00
    6.0108453225E+04    0.0000000000E+00
    6.0211910115E+04    0.0000000000E+00
    6.0315367005E+04    0.0000000000E+00
    6.0418823895E+04    0.0000000000E+00
    6.0522280786E+04    0.0000000000E+00
    6.0625737676E+04    0.0000000000E+00
    6.0729194566E+04    0.0000000000E+00
    6.0832651456E+04    0.0000000000E+00
    6.0936108346E+04    0.0000000000E+00
    6.1039565237E+04    0.0000000000E+00
    6.1143022127E+04    0.0000000000E+00
    6.1246479017E+04    0.0000000000E+00
    6.1349935907E+04    0.0000000000E+00
    6.1453392798E+04    0.0000000000E+00
    6.1556849688E+04    0.0000000000E+00
    6.1660306578E+04    0.0000000000E+00
    6.1763763468E+04    0.0000000000E+00
    6.1867220359E+04    0.0000000000E+00
    6.1970677249E+04    0.0000000000E+00
    6.2074134139E+04    0.0000000000E+00
    6.2177591029E+04    0.0000000000E+00
    6.2281047919E+04    0.0000000000E+00
    6.2384504810E+04    0.0000000000E+00
    6.2487961700E+04    0.0000000000E+00
    6.2591418590E+04    0.0000000000E+00
    6.2694875480E+04    0.0000000000E+00
    6.2798332371E+04    0.0000000000E+00
    6.2901789261E+04    0.0000000000E+00
    6.3005246151E+04    0.0000000000E+00
    6.3108703041E+04    0.0000000000E+00
    6.3212159932E+04    0.0000000000E+00
    6.3315616822E+04    0.0000000000E+00
    6.3419073712E+04    0.0000000000E+00
    6.3522530602E+04    0.0000000000E+00
    6.3625987492E+04    0.0000000000E+00
    6.3729444383E+04    0.0000000000E+00
    6.3832901273E+04    0.0000000000E+00
    6.3936358163E+04    0.0000000000E+00
    6.4039815053E+04    0.0000000000E+00
    6.4143271944E+04    0.0000000000E+00
    6.4246728834E+04    0.0000000000E+00
    6.4350185724E+04    0.0000000000E+00
    6.4453642614E+04    0.0000000000E+00
    6.4557099505E+04    0.0000000000E+00
    6.4660556395E+04    0.0000000000E+00
    6.4764013285E+04    0.0000000000E+00
    6.4867470175E+04    0.0000000000E+00
    6.4970927065E+04    0.0000000000E+00
    6.5074383956E+04    0.0000000000E+00
    6.5177840846E+04    0.0000000000E+00
    6.5281297736E+04    0.0000000000E+00
    6.5384754626E+04    0.0000000000E+00
    6.5488211517E+04    0.0000000000E+00
    6.5591668407E+04    0.0000000000E+00
    6.5695125297E+04    0.0000000000E+00
    6.5798582187E+04    0.0000000000E+00
    6.5902039078E+04    0.0000000000E+00
    6.6005495968E+04    0.0000000000E+00
    6.6108952858E+04    0.0000000000E+00
    6.6212409748E+04    0.0000000000E+00
    6.6315866638E+04    0.0000000000E+00
    6.6419323529E+04    0.0000000000E+00
    6.6522780419E+04    0.0000000000E+00
    6.6626237309E+04    0.0000000000E+00
    6.6729694199E+04    0.0000000000E+00
    6.6833151090E+04    0.0000000000E+00
    6.6936607980E+04    0.0000000000E+00
    6.7040064870E+04    0.0000000000E+00
    6.7143521760E+04    0.0000000000E+00
    6.7246978651E+04    0.0000000000E+00
    6.7350435541E+04    0.0000000000E+00
    6.7453892431E+04    0.0000000000E+00
    6.7557349321E+04    0.0000000000E+00
    6.7660806211E+04    0.0000000000E+00
    6.7764263102E+04    0.0000000000E+00
    6.7867719992E+04    0.0000000000E+00
    6.7971176882E+04    0.0000000000E+00
    6.8074633772E+04    0.0000000000E+00
    6.8178090663E+04    0.0000000000E+00
    6.8281547553E+04    0.0000000000E+00
    6.8385004443E+04    0.0000000000E+00
    6.8488461333E+04    0.0000000000E+00
    6.8591918224E+04    0.0000000000E+00
    6.8695375114E+04    0.0000000000E+00
    6.8798832004E+04    0.0000000000E+00
    6.8902288894E+04    0.0000000000E+00
    6.9005745785E+04    0.0000000000E+00
    6.9109202675E+04    0.0000000000E+00
    6.9212659565E+04    0.0000000000E+00
    6.9316116455E+04    0.0000000000E+00
    6.9419573345E+04    0.0000000000E+00
    6.9523030236E+04    0.0000000000E+00
    6.9626487126E+04    0.0000000000E+00
    6.9729944016E+04    0.0000000000E+00
    6.9833400906E+04    0.0000000000E+00
    6.9936857797E+04    0.0000000000E+00
    7.0040314687E+04    0.0000000000E+00
    7.0143771577E+04    0.0000000000E+00
    7.0247228467E+04    0.0000000000E+00
    7.0350685358E+04    0.0000000000E+00
    7.0454142248E+04    0.0000000000E+00
    7.0557599138E+04    0.0000000000E+00
    7.0661056028E+04    0.0000000000E+00
    7.0764512918E+04    0.0000000000E+00
    7.0867969809E+04    0.0000000000E+00
    7.0971426699E+04    0.0000000000E+00
    7.1074883589E+04    0.0000000000E+00
    7.1178340479E+04    0.0000000000E+00
    7.1281797370E+04    0.0000000000E+00
    7.1385254260E+04    0.0000000000E+00
    7.1488711150E+04    0.0000000000E+00
    7.1592168040E+04    0.0000000000E+00
    7.1695624931E+04    0.0000000000E+00
    7.1799081821E+04    0.0000000000E+00
    7.1902538711E+04    0.0000000000E+00
    7.2005995601E+04    0.0000000000E+00
    7.2109452491E+04    0.0000000000E+00
    7.2212909382E+04    0.0000000000E+00
    7.2316366272E+04    0.0000000000E+00
    7.2419823162E+04    0.0000000000E+00
    7.2523280052E+04    0.0000000000E+00
    7.2626736943E+04    0.0000000000E+00
    7.2730193833E+04    0.0000000000E+00
    7.2833650723E+04    0.0000000000E+00
    7.2937107613E+04    0.0000000000E+00
    7.3040564504E+04    0.0000000000E+00
    7.3144021394E+04    0.0000000000E+00
    7.3247478284E+04    0.0000000000E+00
    7.3350935174E+04    0.0000000000E+00
    7.3454392064E+04    0.0000000000E+00
    7.3557848955E+04    0.0000000000E+00
    7.3661305845E+04    0.0000000000E+00
    7.3764762735E+04    0.0000000000E+00
    7.3868219625E+04    0.0000000000E+00
    7.3971676516E+04    0.0000000000E+00
    7.4075133406E+04    0.0000000000E+00
    7.4178590296E+04    0.0000000000E+00
    7.4282047186E+04    0.0000000000E+00
    7.4385504077E+04    0.0000000000E+00
    7.4488960967E+04    0.0000000000E+00
    7.4592417857E+04    0.0000000000E+00
    7.4695874747E+04    0.0000000000E+00
    7.4799331637E+04    0.0000000000E+00
    7.4902788528E+04    0.0000000000E+00
    7.5006245418E+04    0.0000000000E+00
    7.5109702308E+04    0.0000000000E+00
    7.5213159198E+04    0.0000000000E+00
    7.5316616089E+04    0.0000000000E+00
    7.5420072979E+04    0.0000000000E+00
    7.5523529869E+04    0.0000000000E+00
    7.5626986759E+04    0.0000000000E+00
    7.5730443650E+04    0.0000000000E+00
    7.5833900540E+04    0.0000000000E+00
    7.5937357430E+04    0.0000000000E+00
    7.6040814320E+04    0.0000000000E+00
    7.6144271210E+04    0.0000000000E+00
    7.6247728101E+04    0.0000000000E+00
    7.6351184991E+04    0.0000000000E+00
    7.6454641881E+04    0.0000000000E+00
    7.6558098771E+04    0.0000000000E+00
    7.6661555662E+04    0.0000000000E+00
    7.6765012552E+04    0.0000000000E+00
    7.6868469442E+04    0.0000000000E+00
    7.6971926332E+04    0.0000000000E+00
    7.7075383223E+04    0.0000000000E+00
    7.7178840113E+04    0.0000000000E+00
    7.7282297003E+04    0.0000000000E+00
    7.7385753893E+04    0.0000000000E+00
    7.7489210783E+04    0.0000000000E+00
    7.7592667674E+04    0.0000000000E+00
    7.7696124564E+04    0.0000000000E+00
    7.7799581454E+04    0.0000000000E+00
    7.7903038344E+04    0.0000000000E+00
    7.8006495235E+04    0.0000000000E+00
    7.8109952125E+04    0.0000000000E+00
    7.8213409015E+04    0.0000000000E+00
    7.8316865905E+04    0.0000000000E+00
    7.8420322796E+04    0.0000000000E+00
    7.8523779686E+04    0.0000000000E+00
    7.8627236576E+04    0.0000000000E+00
    7.8730693466E+04    0.0000000000E+00
    7.8834150357E+04    0.0000000000E+00
    7.8937607247E+04    0.0000000000E+00
    7.9041064137E+04    0.0000000000E+00
    7.9144521027E+04    0.0000000000E+00
    7.9247977917E+04    0.0000000000E+00
    7.9351434808E+04    0.0000000000E+00
    7.9454891698E+04    0.0000000000E+00
    7.9558348588E+04    0.0000000000E+00
    7.9661805478E+04    0.0000000000E+00
    7.9765262369E+04    0.0000000000E+00
    7.9868719259E+04    0.0000000000E+00
    7.9972176149E+04    0.0000000000E+00
    8.0075633039E+04    0.0000000000E+00
    8.0179089930E+04    0.0000000000E+00
    8.0282546820E+04    0.0000000000E+00
    8.0386003710E+04    0.0000000000E+00
    8.0489460600E+04    0.0000000000E+00
    8.0592917490E+04    0.0000000000E+00
    8.0696374381E+04    0.0000000000E+00
    8.0799831271E+04    0.0000000000E+00
    8.0903288161E+04    0.0000000000E+00
    8.1006745051E+04    0.0000000000E+00
    8.1110201942E+04    0.0000000000E+00
    8.1213658832E+04    0.0000000000E+00
    8.1317115722E+04    0.0000000000E+00
    8.1420572612E+04    0.0000000000E+00
    8.1524029503E+04    0.0000000000E+00
    8.1627486393E+04    0.0000000000E+00
    8.1730943283E+04    0.0000000000E+00
    8.1834400173E+04    0.0000000000E+00
    8.1937857063E+04    0.0000000000E+00
    8.2041313954E+04    0.0000000000E+00
    8.2144770844E+04    0.0000000000E+00
    8.2248227734E+04    0.0000000000E+00
    8.2351684624E+04    0.0000000000E+00
    8.2455141515E+04    0.0000000000E+00
    8.2558598405E+04    0.0000000000E+00
    8.2662055295E+04    0.0000000000E+00
    8.2765512185E+04    0.0000000000E+00
    8.2868969076E+04    0.0000000000E+00
    8.2972425966E+04    0.0000000000E+00
    8.3075882856E+04    0.0000000000E+00
    8.3179339746E+04    0.0000000000E+00
    8.3282796636E+04    0.0000000000E+00
    8.3386253527E+04    0.0000000000E+00
    8.3489710417E+04    0.0000000000E+00
    8.3593167307E+04    0.0000000000E+00
    8.3696624197E+04    0.0000000000E+00
    8.3800081088E+04    0.0000000000E+00
    8.3903537978E+04    0.0000000000E+00
    8.4006994868E+04    0.0000000000E+00
    8.4110451758E+04    0.0000000000E+00
    8.4213908649E+04    0.0000000000E+00
    8.4317365539E+04    0.0000000000E+00
    8.4420822429E+04    0.0000000000E+00
    8.4524279319E+04    0.0000000000E+00
    8.4627736209E+04    0.0000000000E+00
    8.4731193100E+04    0.0000000000E+00
    8.4834649990E+04    0.0000000000E+00
    8.4938106880E+04    0.0000000000E+00
    8.5041563770E+04    0.0000000000E+00
    8.5145020661E+04    0.0000000000E+00
    8.5248477551E+04    0.0000000000E+00
    8.5351934441E+04    0.0000000000E+00
    8.5455391331E+04    0.0000000000E+00
    8.5558848222E+04    0.0000000000E+00
    8.5662305112E+04    0.0000000000E+00
    8.5765762002E+04    0.0000000000E+00
    8.5869218892E+04    0.0000000000E+00
    8.5972675782E+04    0.0000000000E+00
    8.6076132673E+04    0.0000000000E+00
    8.6179589563E+04    0.0000000000E+00
    8.6283046453E+04    0.0000000000E+00
    8.6386503343E+04    0.0000000000E+00
    8.6489960234E+04    0.0000000000E+00
    8.6593417124E+04    0.0000000000E+00
    8.6696874014E+04    0.0000000000E+00
    8.6800330904E+04    0.0000000000E+00
    8.6903787795E+04    0.0000000000E+00
    8.7007244685E+04    0.0000000000E+00
    8.7110701575E+04    0.0000000000E+00
    8.7214158465E+04    0.0000000000E+00
    8.7317615356E+04    0.0000000000E+00
    8.7421072246E+04    0.0000000000E+00
    8.7524529136E+04    0.0000000000E+00
    8.7627986026E+04    0.0000000000E+00
    8.7731442916E+04    0.0000000000E+00
    8.7834899807E+04    0.0000000000E+00
    8.7938356697E+04    0.0000000000E+00
    8.8041813587E+04    0.0000000000E+00
    8.8145270477E+04    0.0000000000E+00
    8.8248727368E+04    0.0000000000E+00
    8.8352184258E+04    0.0000000000E+00
    8.8455641148E+04    0.0000000000E+00
    8.8559098038E+04    0.0000000000E+00
    8.8662554929E+04    0.0000000000E+00
    8.8766011819E+04    0.0000000000E+00
    8.8869468709E+04    0.0000000000E+00
    8.8972925599E+04    0.0000000000E+00
    8.9076382489E+04    0.0000000000E+00
    8.9179839380E+04    0.0000000000E+00
    8.9283296270E+04    0.0000000000E+00
    8.9386753160E+04    0.0000000000E+00
    8.9490210050E+04    0.0000000000E+00
    8.9593666941E+04    0.0000000000E+00
    8.9697123831E+04    0.0000000000E+00
    8.9800580721E+04    0.0000000000E+00
    8.9904037611E+04    0.0000000000E+00
    9.0007494502E+04    0.0000000000E+00
    9.0110951392E+04    0.0000000000E+00
    9.0214408282E+04    0.0000000000E+00
    9.0317865172E+04    0.0000000000E+00
    9.0421322062E+04    0.0000000000E+00
    9.0524778953E+04    0.0000000000E+00
    9.0628235843E+04    0.0000000000E+00
    9.0731692733E+04    0.0000000000E+00
    9.0835149623E+04    0.0000000000E+00
    9.0938606514E+04    0.0000000000E+00
    9.1042063404E+04    0.0000000000E+00
    9.1145520294E+04    0.0000000000E+00
    9.1248977184E+04    0.0000000000E+00
    9.1352434075E+04    0.0000000000E+00
    9.1455890965E+04    0.0000000000E+00
    9.1559347855E+04    0.0000000000E+00
    9.1662804745E+04    0.0000000000E+00
    9.1766261635E+04    0.0000000000E+00
    9.1869718526E+04    0.0000000000E+00
    9.1973175416E+04    0.0000000000E+00
    9.2076632306E+04    0.0000000000E+00
    9.2180089196E+04    0.0000000000E+00
    9.2283546087E+04    0.0000000000E+00
    9.2387002977E+04    0.0000000000E+00
    9.2490459867E+04    0.0000000000E+00
    9.2593916757E+04    0.0000000000E+00
    9.2697373648E+04    0.0000000000E+00
    9.2800830538E+04    0.0000000000E+00
    9.2904287428E+04    0.0000000000E+00
    9.3007744318E+04    0.0000000000E+00
    9.3111201208E+04    0.0000000000E+00
    9.3214658099E+04    0.0000000000E+00
    9.3318114989E+04    0.0000000000E+00
    9.3421571879E+04    0.0000000000E+00
    9.3525028769E+04    0.0000000000E+00
    9.3628485660E+04    0.0000000000E+00
    9.3731942550E+04    0.0000000000E+00
    9.3835399440E+04    0.0000000000E+00
    9.3938856330E+04    0.0000000000E+00
    9.4042313221E+04    0.0000000000E+00
    9.4145770111E+04    0.0000000000E+00
    9.4249227001E+04    0.0000000000E+00
    9.4352683891E+04    0.0000000000E+00
    9.4456140781E+04    0.0000000000E+00
    9.4559597672E+04    0.0000000000E+00
    9.4663054562E+04    0.0000000000E+00
    9.4766511452E+04    0.0000000000E+00
    9.4869968342E+04    0.0000000000E+00
    9.4973425233E+04    0.0000000000E+00
    9.5076882123E+04    0.0000000000E+00
    9.5180339013E+04    0.0000000000E+00
    9.5283795903E+04    0.0000000000E+00
    9.5387252794E+04    0.0000000000E+00
    9.5490709684E+04    0.0000000000E+00
    9.5594166574E+04    0.0000000000E+00
    9.5697623464E+04    0.0000000000E+00
    9.5801080354E+04    0.0000000000E+00
    9.5904537245E+04    0.0000000000E+00
    9.6007994135E+04    0.0000000000E+00
    9.6111451025E+04    0.0000000000E+00
    9.6214907915E+04    0.0000000000E+00
    9.6318364806E+04    0.0000000000E+00
    9.6421821696E+04    0.0000000000E+00
    9.6525278586E+04    0.0000000000E+00
    9.6628735476E+04    0.0000000000E+00
    9.6732192367E+04    0.0000000000E+00
    9.6835649257E+04    0.0000000000E+00
    9.6939106147E+04    0.0000000000E+00
    9.7042563037E+04    0.0000000000E+00
    9.7146019928E+04    0.0000000000E+00
    9.7249476818E+04    0.0000000000E+00
    9.7352933708E+04    0.0000000000E+00
    9.7456390598E+04    0.0000000000E+00
    9.7559847488E+04    0.0000000000E+00
    9.7663304379E+04    0.0000000000E+00
    9.7766761269E+04    0.0000000000E+00
    9.7870218159E+04    0.0000000000E+00
    9.7973675049E+04    0.0000000000E+00
    9.8077131940E+04    0.0000000000E+00
    9.8180588830E+04    0.0000000000E+00
    9.8284045720E+04    0.0000000000E+00
    9.8387502610E+04    0.0000000000E+00
    9.8490959501E+04    0.0000000000E+00
    9.8594416391E+04    0.0000000000E+00
    9.8697873281E+04    0.0000000000E+00
    9.8801330171E+04    0.0000000000E+00
    9.8904787061E+04    0.0000000000E+00
    9.9008243952E+04    0.0000000000E+00
    9.9111700842E+04    0.0000000000E+00
    9.9215157732E+04    0.0000000000E+00
    9.9318614622E+04    0.0000000000E+00
    9.9422071513E+04    0.0000000000E+00
    9.9525528403E+04    0.0000000000E+00
    9.9628985293E+04    0.0000000000E+00
    9.9732442183E+04    0.0000000000E+00
    9.9835899074E+04    0.0000000000E+00
    9.9939355964E+04    0.0000000000E+00
    1.0004281285E+05    0.0000000000E+00
    1.0014626974E+05    0.0000000000E+00
    1.0024972663E+05    0.0000000000E+00
    1.0035318352E+05    0.0000000000E+00
    1.0045664041E+05    0.0000000000E+00
    1.0056009731E+05    0.0000000000E+00
    1.0066355420E+05    0.0000000000E+00
    1.0076701109E+05    0.0000000000E+00
    1.0087046798E+05    0.0000000000E+00
    1.0097392487E+05    0.0000000000E+00
    1.0107738176E+05    0.0000000000E+00
    1.0118083865E+05    0.0000000000E+00
    1.0128429554E+05    0.0000000000E+00
    1.0138775243E+05    0.0000000000E+00
    1.0149120932E+05    0.0000000000E+00
    1.0159466621E+05    0.0000000000E+00
    1.0169812310E+05    0.0000000000E+00
    1.0180157999E+05    0.0000000000E+00
    1.0190503688E+05    0.0000000000E+00
    1.0200849377E+05    0.0000000000E+00
    1.0211195066E+05    0.0000000000E+00
    1.0221540755E+05    0.0000000000E+00
    1.0231886444E+05    0.0000000000E+00
    1.0242232133E+05    0.0000000000E+00
    1.0252577822E+05    0.0000000000E+00
    1.0262923511E+05    0.0000000000E+00
    1.0273269200E+05    0.0000000000E+00
    1.0283614889E+05    0.0000000000E+00
    1.0293960578E+05    0.0000000000E+00
    1.0304306267E+05    0.0000000000E+00
    1.0314651956E+05    0.0000000000E+00
    1.0324997645E+05    0.0000000000E+00
    1.0335343334E+05    0.0000000000E+00
    1.0345689023E+05    0.0000000000E+00
