#Number Ele Time
1 1 2.7651E+00 
1 2 5.4141E+00 
1 4 1.0910E+01 
1 8 2.3442E+01 
1 16 4.4481E+01 
1 64 1.8143E+02 
1 128 3.6210E+02 
1 256 7.2888E+02 
1 512 1.4598E+03 
1 1024 3.0452E+03 
2 2 3.8007E+00 
2 4 6.4007E+00 
2 8 1.1987E+01 
2 16 2.5228E+01 
2 32 4.8227E+01 
2 64 9.7852E+01 
2 128 1.9637E+02 
2 256 3.8692E+02 
2 512 7.7510E+02 
2 1024 1.5485E+03 
4 4 3.6398E+00 
4 8 6.5623E+00 
4 16 1.2090E+01 
4 32 2.7279E+01 
4 64 5.1529E+01 
4 128 9.8364E+01 
4 256 1.9802E+02 
4 512 3.9642E+02 
4 1024 7.8161E+02 
4 2048 1.5532E+03 
8 8 3.7391E+00 
8 16 6.7196E+00 
8 32 1.3691E+01 
8 64 2.9342E+01 
8 128 5.2393E+01 
8 256 1.0194E+02 
8 2048 8.0714E+02 
16 16 3.9419E+00 
16 32 7.8670E+00 
16 64 1.5324E+01 
16 128 2.9990E+01 
16 256 5.4705E+01 
16 512 1.1133E+02 
16 1024 2.3244E+02 
16 2048 4.7933E+02 
16 4096 9.6588E+02 
32 32 7.3334E+00 
32 64 1.1957E+01 
32 128 2.0232E+01 
32 256 3.8389E+01 
32 512 7.3007E+01 
32 1024 1.6826E+02 
32 2048 3.5163E+02 
32 4096 6.9927E+02 
64 64 7.4643E+00 
64 128 1.2223E+01 
64 256 2.0946E+01 
64 512 3.9153E+01 
64 1024 7.2991E+01 
64 2048 1.6728E+02 
64 4096 3.5365E+02 
128 128 7.4179E+00 
128 256 1.2625E+01 
128 512 2.0438E+01 
128 1024 3.9088E+01 
128 2048 7.2924E+01 
128 4096 1.6794E+02 
