#Number Ele Time
1 1 9.7449E-02 
1 2 1.7755E-01 
1 4 3.7684E-01 
1 8 7.8221E-01 
1 16 1.7760E+00 
2 2 2.9201E-01 
2 4 3.3399E-01 
2 8 5.9159E-01 
2 16 1.1078E+00 
2 32 2.6141E+00 
2 64 5.7440E+00 
2 128 9.1129E+00 
2 256 1.9515E+01 
2 512 3.8454E+01 
2 1024 6.7112E+01 
4 4 2.0640E-01 
4 8 3.2431E-01 
4 16 5.8512E-01 
4 32 1.3592E+00 
4 64 2.9367E+00 
4 128 4.6632E+00 
4 256 1.0419E+01 
4 512 2.1080E+01 
4 1024 3.5701E+01 
4 2048 6.4945E+01 
8 8 1.9287E-01 
8 16 4.0842E-01 
8 32 7.8215E-01 
8 64 1.7464E+00 
8 128 2.9627E+00 
8 256 5.7304E+00 
8 512 1.1958E+01 
8 1024 2.1702E+01 
8 2048 3.8234E+01 
8 4096 7.6455E+01 
16 16 1.8494E-01 
16 32 4.5558E-01 
16 64 1.1752E+00 
16 128 1.8060E+00 
16 256 2.9836E+00 
16 512 6.8305E+00 
16 1024 1.2594E+01 
16 2048 2.2332E+01 
32 32 6.8503E-01 
32 64 6.7593E-01 
32 128 1.2356E+00 
32 256 1.8984E+00 
32 512 3.4921E+00 
32 1024 6.8054E+00 
32 2048 1.2636E+01 
32 4096 2.2186E+01 
64 64 4.0650E-01 
64 128 7.3708E-01 
64 256 1.3257E+00 
64 512 2.2086E+00 
64 1024 4.5346E+00 
64 2048 8.3092E+00 
64 4096 1.5964E+01 
128 128 5.2856E-01 
128 256 9.2893E-01 
128 512 2.4659E+00 
128 1024 3.3405E+00 
128 2048 6.3603E+00 
128 4096 1.0707E+01 
256 256 5.4673E-01 
256 512 1.0296E+00 
256 1024 2.2165E+00 
256 2048 3.3218E+00 
256 4096 6.2679E+00 
512 512 6.7064E-01 
512 1024 1.1638E+00 
512 2048 2.2324E+00 
512 4096 3.6255E+00 
