#Number Ele Time
1 1 1.5339E+00 
1 2 3.5087E+00 
1 4 7.9448E+00 
1 8 1.5855E+01 
1 16 3.1681E+01 
1 32 6.3263E+01 
1 64 1.2656E+02 
1 128 2.5266E+02 
2 2 5.5946E+00 
2 4 5.3969E+00 
2 8 9.3592E+00 
2 16 1.7286E+01 
2 32 3.2939E+01 
2 64 6.4295E+01 
2 128 1.2688E+02 
4 4 3.4268E+00 
4 8 5.4390E+00 
4 16 9.3992E+00 
4 32 1.7371E+01 
4 64 3.3202E+01 
4 128 6.4846E+01 
8 8 3.6623E+00 
8 16 5.6825E+00 
8 32 9.7102E+00 
8 64 1.7729E+01 
8 128 3.3768E+01 
16 16 3.9767E+00 
16 32 6.0668E+00 
16 64 1.0167E+01 
16 128 1.8478E+01 
