#Number Ele Time
1 1 3.6120E-01 
1 2 6.5102E-01 
1 4 1.3871E+00 
1 8 3.2253E+00 
1 16 7.0292E+00 
1 32 1.2510E+01 
1 64 2.1435E+01 
2 2 1.0207E+00 
2 4 1.1905E+00 
2 8 2.1320E+00 
2 16 4.0687E+00 
2 32 8.0229E+00 
2 64 1.9433E+01 
2 128 3.1211E+01 
4 4 7.8724E-01 
4 8 1.1444E+00 
4 16 2.0713E+00 
4 32 4.5737E+00 
4 64 1.0318E+01 
4 128 1.6741E+01 
4 256 3.5051E+01 
8 8 8.2749E-01 
8 16 1.1923E+00 
8 32 2.5141E+00 
8 64 6.1475E+00 
8 128 1.0606E+01 
8 256 2.1375E+01 
8 512 4.0507E+01 
16 16 8.5869E-01 
16 32 1.5766E+00 
16 64 3.3674E+00 
16 128 6.3450E+00 
16 256 1.2298E+01 
16 512 2.3238E+01 
32 32 2.3059E+00 
32 64 2.1719E+00 
32 128 3.4396E+00 
32 256 7.0695E+00 
32 512 1.2950E+01 
32 1024 2.3645E+01 
32 2048 4.2522E+01 
64 64 1.4563E+00 
64 128 2.3010E+00 
64 256 4.6457E+00 
64 512 8.5610E+00 
64 1024 1.8202E+01 
64 2048 3.3422E+01 
64 4096 6.2938E+01 
128 128 2.6021E+00 
128 256 3.0505E+00 
128 512 6.4612E+00 
128 1024 1.1935E+01 
128 2048 2.1307E+01 
128 4096 3.5708E+01 
256 256 2.4660E+00 
256 512 3.9538E+00 
256 1024 6.8630E+00 
256 2048 1.1549E+01 
256 4096 2.2106E+01 
512 512 2.6721E+00 
512 1024 4.3035E+00 
512 2048 6.9049E+00 
512 4096 1.2020E+01 
