#Number Ele Time
1 1 1.8041E+01 
1 2 3.6442E+01 
1 4 7.3840E+01 
1 8 1.4801E+02 
1 16 2.9575E+02 
1 32 5.9204E+02 
1 64 1.1893E+03 
1 128 2.3870E+03 
2 2 2.2489E+01 
2 4 3.9125E+01 
2 8 7.6737E+01 
2 16 1.5234E+02 
2 32 3.0321E+02 
2 64 6.0769E+02 
2 128 1.2148E+03 
4 4 2.0330E+01 
4 8 3.9184E+01 
4 16 7.6895E+01 
4 32 1.5332E+02 
4 64 3.0555E+02 
4 128 6.1153E+02 
8 8 2.0613E+01 
8 16 3.9630E+01 
8 32 7.7661E+01 
8 64 1.5512E+02 
8 128 3.1097E+02 
16 16 2.1236E+01 
16 32 4.1005E+01 
16 64 8.2732E+01 
16 128 1.6973E+02 
32 32 3.0367E+01 
32 64 6.1118E+01 
32 128 1.2807E+02 
64 64 3.4917E+01 
64 128 6.9125E+01 
128 128 3.4649E+01 
