#Number Ele Time
1 1 3.3379E+00 
1 2 7.1644E+00 
1 4 1.5018E+01 
1 8 2.9630E+01 
1 16 5.9693E+01 
1 32 1.1884E+02 
1 64 2.4046E+02 
2 2 4.7371E+00 
2 4 8.6997E+00 
2 8 1.7539E+01 
2 16 3.4449E+01 
2 32 6.9155E+01 
2 64 1.4154E+02 
2 128 2.7970E+02 
4 4 4.5364E+00 
4 8 8.7143E+00 
4 16 1.7397E+01 
4 32 3.5362E+01 
4 64 6.9246E+01 
4 128 1.3716E+02 
4 256 2.7666E+02 
8 8 4.7036E+00 
8 16 8.7775E+00 
8 32 1.8131E+01 
8 64 3.6613E+01 
8 128 6.9645E+01 
8 256 1.4147E+02 
8 512 2.8114E+02 
16 16 4.7253E+00 
16 32 9.4134E+00 
16 64 1.8854E+01 
16 128 3.6726E+01 
16 256 7.2381E+01 
16 512 1.4150E+02 
32 32 6.3760E+00 
32 64 1.0058E+01 
32 128 1.9091E+01 
32 256 3.7787E+01 
32 512 7.4912E+01 
32 1024 1.4496E+02 
32 2048 2.8947E+02 
64 64 5.6414E+00 
64 128 1.0294E+01 
64 256 2.0571E+01 
64 512 4.0913E+01 
64 1024 8.0670E+01 
64 2048 1.5963E+02 
64 4096 3.2718E+02 
128 128 6.5289E+00 
128 256 1.0935E+01 
128 512 2.2671E+01 
128 1024 4.2818E+01 
128 2048 8.4486E+01 
128 4096 1.6917E+02 
256 256 6.4570E+00 
256 512 1.1982E+01 
256 1024 2.2669E+01 
256 2048 4.2450E+01 
256 4096 8.4585E+01 
512 512 6.6791E+00 
512 1024 1.2356E+01 
512 2048 2.2721E+01 
512 4096 4.3682E+01 
