#Number Ele Time
1 1 4.8677E-01 
1 2 1.0253E+00 
1 4 2.3781E+00 
1 8 4.6184E+00 
1 16 9.3772E+00 
1 64 4.1551E+01 
1 128 8.2510E+01 
1 256 1.6653E+02 
1 512 3.3312E+02 
1 1024 6.7517E+02 
2 2 1.5138E+00 
2 4 1.8584E+00 
2 8 3.0589E+00 
2 16 5.3556E+00 
2 32 1.1818E+01 
2 64 2.5343E+01 
2 128 4.9849E+01 
2 256 9.1899E+01 
2 512 1.8264E+02 
2 1024 3.6622E+02 
4 4 1.3535E+00 
4 8 1.9300E+00 
4 16 3.1521E+00 
4 32 7.3674E+00 
4 64 1.5075E+01 
4 128 2.5655E+01 
4 256 5.0637E+01 
4 512 9.9692E+01 
4 1024 1.8627E+02 
4 2048 3.5932E+02 
8 8 1.4482E+00 
8 16 2.0442E+00 
8 32 4.7224E+00 
8 64 9.4007E+00 
8 128 1.5740E+01 
8 256 2.7914E+01 
8 2048 1.8942E+02 
16 16 1.6282E+00 
16 32 3.2752E+00 
16 64 6.1885E+00 
16 128 9.7480E+00 
16 256 1.6003E+01 
16 512 3.0763E+01 
16 1024 5.6307E+01 
16 2048 1.0461E+02 
16 4096 2.0445E+02 
32 32 3.9898E+00 
32 64 5.3615E+00 
32 128 7.9803E+00 
32 256 1.1422E+01 
32 512 1.9508E+01 
32 1024 3.3343E+01 
32 2048 6.0350E+01 
32 4096 1.1186E+02 
64 64 4.3922E+00 
64 128 5.2923E+00 
64 256 8.9350E+00 
64 512 1.2007E+01 
64 1024 1.9682E+01 
64 2048 3.3835E+01 
64 4096 6.1069E+01 
128 128 4.3011E+00 
128 256 6.4147E+00 
128 512 9.0601E+00 
128 1024 1.2071E+01 
128 2048 1.9922E+01 
128 4096 3.4523E+01 
