#Number Ele Time
1 1 4.8204E-01 
1 2 9.0604E-01 
1 4 1.7874E+00 
1 8 4.2112E+00 
1 16 8.3569E+00 
2 2 7.2173E-01 
2 4 1.1697E+00 
2 8 2.4600E+00 
2 16 4.9167E+00 
2 32 1.0320E+01 
2 64 2.1768E+01 
2 128 4.2449E+01 
2 256 9.0218E+01 
2 512 1.7831E+02 
2 1024 3.4895E+02 
4 4 6.2355E-01 
4 8 1.1559E+00 
4 16 2.4600E+00 
4 32 5.1838E+00 
4 64 1.0705E+01 
4 128 2.0644E+01 
4 256 4.3238E+01 
4 512 9.0696E+01 
4 1024 1.7518E+02 
4 2048 3.4660E+02 
8 8 5.8857E-01 
8 16 1.2472E+00 
8 32 2.6686E+00 
8 64 5.5750E+00 
8 128 1.0695E+01 
8 256 2.1747E+01 
8 512 4.4976E+01 
8 1024 9.0908E+01 
8 2048 1.7694E+02 
8 4096 3.5287E+02 
16 16 5.7150E-01 
16 32 1.3227E+00 
16 64 3.1310E+00 
16 128 5.6460E+00 
16 256 1.0691E+01 
16 512 2.2292E+01 
16 1024 4.5551E+01 
16 2048 8.9367E+01 
32 32 1.1500E+00 
32 64 1.6014E+00 
32 128 3.2004E+00 
32 256 6.0270E+00 
32 512 1.1500E+01 
32 1024 2.2699E+01 
32 2048 4.6107E+01 
32 4096 8.9495E+01 
64 64 8.1443E-01 
64 128 1.6797E+00 
64 256 3.3021E+00 
64 512 6.1594E+00 
64 1024 1.2693E+01 
64 2048 2.4634E+01 
64 4096 5.0453E+01 
128 128 9.6688E-01 
128 256 1.8544E+00 
128 512 4.4529E+00 
128 1024 7.2516E+00 
128 2048 1.4273E+01 
128 4096 2.7014E+01 
256 256 1.0028E+00 
256 512 2.0289E+00 
256 1024 4.1721E+00 
256 2048 7.2576E+00 
256 4096 1.4376E+01 
512 512 1.1217E+00 
512 1024 2.1494E+00 
512 2048 4.1990E+00 
512 4096 7.6945E+00 
