#Number Ele Time
1 1 2.2847E+00 
1 2 2.3009E+00 
1 4 2.2973E+00 
1 8 2.3016E+00 
1 16 2.3602E+00 
1 32 2.8534E+00 
1 64 4.3799E+00 
1 128 6.4639E+00 
1 256 1.0892E+01 
1 512 1.9565E+01 
1 1024 3.6867E+01 
1 2048 7.1024E+01 
1 4096 1.3934E+02 
2 2 3.5840E+00 
2 4 3.6084E+00 
2 8 3.6152E+00 
2 16 3.6190E+00 
2 32 3.6776E+00 
2 64 4.1346E+00 
2 128 5.7146E+00 
2 256 7.8027E+00 
2 512 1.2209E+01 
2 2048 3.8197E+01 
2 4096 7.2384E+01 
4 4 3.8009E+00 
4 8 3.8750E+00 
4 16 3.8450E+00 
4 32 3.8075E+00 
4 64 3.8829E+00 
4 128 4.3465E+00 
4 256 5.8957E+00 
4 512 7.9930E+00 
4 1024 1.2376E+01 
4 4096 3.8370E+01 
8 8 3.8169E+00 
8 16 3.8124E+00 
8 32 3.7978E+00 
8 64 3.8109E+00 
8 128 3.8652E+00 
8 256 4.3530E+00 
8 512 5.9064E+00 
8 1024 7.9865E+00 
8 2048 1.2399E+01 
