#Number Ele Time
1 1 1.2090E+00 
1 2 1.2231E+00 
1 4 1.2166E+00 
1 8 1.2136E+00 
1 16 1.2464E+00 
1 32 1.7071E+00 
1 64 3.1559E+00 
1 128 5.1873E+00 
1 256 9.6335E+00 
1 512 1.8291E+01 
1 1024 3.5604E+01 
1 2048 6.9754E+01 
1 4096 1.3806E+02 
2 2 2.4989E+00 
2 4 2.5188E+00 
2 8 2.5319E+00 
2 16 2.5275E+00 
2 32 2.5644E+00 
2 64 2.9829E+00 
2 128 4.4843E+00 
2 256 6.5173E+00 
2 512 1.0950E+01 
2 2048 3.6932E+01 
2 4096 7.1113E+01 
4 4 2.7164E+00 
4 8 2.7876E+00 
4 16 2.7596E+00 
4 32 2.7137E+00 
4 64 2.7704E+00 
4 128 3.1990E+00 
4 256 4.6624E+00 
4 512 6.7097E+00 
4 1024 1.1118E+01 
4 4096 3.7108E+01 
8 8 2.7337E+00 
8 16 2.7261E+00 
8 32 2.7136E+00 
8 64 2.7149E+00 
8 128 2.7519E+00 
8 256 3.2048E+00 
8 512 4.6758E+00 
8 1024 6.7029E+00 
8 2048 1.1138E+01 
