#Number Ele Time
1 1 4.4253E-02 
1 4 1.7770E-01 
1 8 3.3724E-01 
1 16 7.3827E-01 
1 32 1.5151E+00 
1 64 3.0651E+00 
1 128 7.1348E+00 
1 256 1.5744E+01 
2 2 1.4878E-01 
2 4 1.5453E-01 
2 8 2.8376E-01 
2 16 5.5114E-01 
2 32 1.0738E+00 
2 64 2.1174E+00 
2 128 4.6120E+00 
2 256 9.7627E+00 
2 512 2.3464E+01 
4 4 1.2598E-01 
4 8 1.7963E-01 
4 16 3.1206E-01 
4 32 6.0297E-01 
4 128 2.3341E+00 
4 256 5.0426E+00 
4 512 1.2043E+01 
4 1024 2.8936E+01 
8 8 1.4444E-01 
8 16 2.0751E-01 
8 32 3.5424E-01 
8 64 7.3046E-01 
8 128 1.4922E+00 
8 256 2.4896E+00 
8 512 6.0605E+00 
8 2048 4.4112E+01 
16 16 2.7090E-01 
16 32 2.1758E-01 
16 64 3.7409E-01 
16 128 8.5647E-01 
16 256 2.2072E+00 
16 512 3.1540E+00 
16 1024 7.8270E+00 
16 2048 2.0611E+01 
32 32 2.1007E-01 
32 64 3.1920E-01 
32 128 4.9779E-01 
32 256 1.2736E+00 
32 512 2.1500E+00 
32 1024 3.5972E+00 
32 2048 1.4200E+01 
32 4096 3.5593E+01 
64 64 6.7305E-01 
64 128 9.0443E-01 
64 256 1.4221E+00 
64 512 2.1700E+00 
64 1024 3.0887E+00 
64 2048 5.4172E+00 
128 128 4.1567E-01 
128 256 9.8982E-01 
128 512 1.4880E+00 
128 1024 2.5515E+00 
128 2048 3.1276E+00 
