#Number Ele Time
1 1 8.7814E-02 
1 2 1.7043E-01 
1 4 3.3469E-01 
1 8 6.7050E-01 
1 16 1.3762E+00 
1 32 2.8243E+00 
1 64 5.6404E+00 
1 128 1.1883E+01 
2 2 2.0769E-01 
2 4 2.4323E-01 
2 8 5.2667E-01 
2 16 7.7274E-01 
2 32 1.5900E+00 
2 64 3.1952E+00 
2 128 5.8265E+00 
4 4 1.8210E-01 
4 8 3.3138E-01 
4 16 5.3467E-01 
4 32 1.0057E+00 
4 64 2.3759E+00 
4 128 4.0540E+00 
8 8 2.4580E-01 
8 16 3.9811E+00 
8 32 1.3845E+00 
8 64 2.1995E+00 
8 128 2.9813E+00 
16 16 2.3146E+00 
16 32 5.2089E+00 
16 64 1.0479E+01 
16 128 2.8126E+01 
