#Number Ele Time
1 1 2.6068E+00 
1 2 4.9870E+00 
1 4 9.9426E+00 
1 8 1.9857E+01 
1 16 4.0550E+01 
1 32 8.6664E+01 
1 64 1.8419E+02 
1 128 3.8263E+02 
2 2 2.6909E+00 
2 4 5.0741E+00 
2 8 1.0422E+01 
2 16 2.0250E+01 
2 32 4.1351E+01 
2 64 8.6190E+01 
2 128 1.8270E+02 
4 4 2.9236E+00 
4 8 5.8928E+00 
4 16 1.0430E+01 
4 32 2.0504E+01 
4 64 6.5571E+01 
4 128 1.4683E+02 
8 8 3.1023E+00 
8 16 9.7968E+00 
8 32 1.3035E+01 
8 64 4.8072E+01 
8 128 1.2100E+02 
16 16 5.6356E+00 
16 32 1.2320E+01 
16 64 3.4473E+01 
16 128 8.2428E+01 
