#Number Ele Time
1 1 4.8314E-02 
1 2 1.0626E-01 
1 4 1.9860E-01 
1 8 4.0208E-01 
1 16 8.1717E-01 
1 32 1.6755E+00 
1 64 3.3625E+00 
1 128 6.6880E+00 
2 2 1.8234E-01 
2 4 2.2198E-01 
2 8 3.5557E-01 
2 16 5.5590E-01 
2 32 9.8787E-01 
2 64 2.3038E+00 
2 128 4.6978E+00 
4 4 1.5030E-01 
4 8 2.3695E-01 
4 16 4.0780E-01 
4 32 1.0861E+00 
4 64 3.0858E+00 
4 128 6.8761E+00 
8 8 1.7909E-01 
8 16 2.7565E-01 
8 32 6.9622E-01 
8 64 2.3907E+00 
8 128 5.4692E+00 
16 16 1.0072E+00 
16 32 2.3478E+00 
16 64 5.0226E+00 
16 128 1.0911E+01 
