#Ele N Time
4 2 2.4578E-01 
4 4 6.6710E-01 
4 6 1.4687E+00 
4 8 2.8024E+00 
4 10 5.4333E+00 
4 12 1.1055E+01 
4 14 2.0157E+01 
4 16 3.4429E+01 
4 18 5.4607E+01 
5 2 4.7155E-01 
5 4 1.3431E+00 
5 6 3.0451E+00 
5 8 6.1277E+00 
5 10 1.4921E+01 
5 12 2.6574E+01 
5 14 4.5764E+01 
5 16 7.6018E+01 
5 18 1.1791E+02 
6 2 6.8442E-01 
6 4 2.0556E+00 
6 6 4.9864E+00 
6 8 1.1180E+01 
6 10 2.4438E+01 
6 12 4.8339E+01 
6 14 8.3429E+01 
6 16 1.2798E+02 
6 18 2.0510E+02 
7 2 1.0658E+00 
7 4 3.2000E+00 
7 6 8.2379E+00 
7 8 2.0715E+01 
7 10 4.3504E+01 
7 12 8.5030E+01 
7 14 1.4282E+02 
7 16 2.2389E+02 
7 18 3.3372E+02 
8 2 1.3861E+00 
8 4 4.5865E+00 
8 6 1.3533E+01 
8 8 3.3534E+01 
8 10 6.6684E+01 
8 12 1.1918E+02 
8 14 1.9451E+02 
8 16 3.0112E+02 
8 18 4.7008E+02 
9 2 2.0580E+00 
9 4 7.0212E+00 
9 6 2.2366E+01 
9 8 5.2998E+01 
9 10 1.0768E+02 
9 12 2.0161E+02 
9 14 3.1394E+02 
9 16 4.8866E+02 
9 18 7.2076E+02 
10 2 2.5805E+00 
10 4 9.8209E+00 
10 6 3.3091E+01 
10 8 7.8373E+01 
10 10 1.5434E+02 
10 12 2.7624E+02 
10 14 4.4067E+02 
10 16 6.7066E+02 
10 18 9.8458E+02 
11 2 3.5470E+00 
11 4 1.6584E+01 
11 8 1.1267E+02 
11 10 2.1087E+02 
11 12 3.8403E+02 
11 14 5.8878E+02 
11 16 9.1014E+02 
11 18 1.3439E+03 
12 2 4.3328E+00 
12 4 2.0945E+01 
12 6 6.5273E+01 
12 8 1.5095E+02 
12 10 2.7453E+02 
12 12 4.8302E+02 
12 14 7.4701E+02 
12 16 1.1501E+03 
12 18 1.7056E+03 
