#Number Ele Time
1 1 1.7222E+00 
1 128 2.7046E+02 
1 16 2.7677E+01 
1 2 3.3354E+00 
1 32 5.8971E+01 
1 4 6.7033E+00 
16 128 3.7701E+01 
16 16 3.5809E+00 
16 32 7.6631E+00 
1 64 1.2773E+02 
16 64 1.7516E+01 
1 8 1.3463E+01 
2 128 1.3052E+02 
2 16 1.3862E+01 
2 2 1.8174E+00 
2 32 2.7598E+01 
2 4 3.5934E+00 
2 64 6.0246E+01 
2 8 7.0605E+00 
4 128 7.5452E+01 
4 16 7.2182E+00 
4 32 1.5188E+01 
4 4 1.8574E+00 
4 64 3.4852E+01 
4 8 3.6641E+00 
8 128 4.5230E+01 
8 16 3.8814E+00 
8 32 8.1493E+00 
8 64 1.9592E+01 
8 8 1.9671E+00 
