#Number Ele Time
1 1 1.2164E+00 
1 8 2.8353E+00 
1 16 4.4948E+00 
1 32 7.7507E+00 
1 64 1.5294E+01 
1 128 2.8735E+01 
1 256 5.6005E+01 
1 512 1.1128E+02 
1 1024 2.2786E+02 
2 2 2.8250E+00 
2 4 2.5822E+00 
2 8 3.3729E+00 
2 16 4.1243E+00 
2 32 5.8916E+00 
2 64 9.1152E+00 
2 128 1.6921E+01 
2 256 3.0154E+01 
2 512 5.7353E+01 
2 1024 1.1271E+02 
4 4 2.6699E+00 
4 8 2.7944E+00 
4 16 3.3091E+00 
4 32 4.4893E+00 
4 64 5.9119E+00 
4 128 9.3064E+00 
4 256 1.6787E+01 
4 512 3.0324E+01 
4 1024 5.7518E+01 
8 8 2.8593E+00 
8 16 2.9068E+00 
8 32 3.3165E+00 
8 64 4.2632E+00 
8 128 5.9515E+00 
8 256 9.2520E+00 
8 512 1.6789E+01 
8 1024 3.0367E+01 
