#Number Ele Time
1 1 2.3019E+00 
1 8 3.9928E+00 
1 16 5.7311E+00 
1 32 9.0083E+00 
1 64 1.6538E+01 
1 128 2.9995E+01 
1 256 5.7273E+01 
1 512 1.1256E+02 
1 1024 2.3029E+02 
2 2 3.9216E+00 
2 4 3.6948E+00 
2 8 4.5035E+00 
2 16 5.2887E+00 
2 32 7.1325E+00 
2 64 1.0375E+01 
2 128 1.8168E+01 
2 256 3.1437E+01 
2 512 5.8629E+01 
2 1024 1.1400E+02 
4 4 3.7671E+00 
4 8 3.9092E+00 
4 16 4.4385E+00 
4 32 5.6572E+00 
4 64 7.1556E+00 
4 128 1.0575E+01 
4 256 1.8046E+01 
4 512 3.1605E+01 
4 1024 5.8794E+01 
8 8 3.9540E+00 
8 16 4.0164E+00 
8 32 4.4460E+00 
8 64 5.4303E+00 
8 128 7.1956E+00 
8 256 1.0526E+01 
8 512 1.8052E+01 
8 1024 3.1651E+01 
