% results from k=50-95 using N=6, z_edge_unit.usr, z_edge2.rea 
0
0
0
0
0
0
0
0
0
0
0
0
0
0
0
0
0
0
0
0
0
0
0
0
0
0
0
0
0
0
0
0
0
0
0
0
0
0
0
0
0
0
0
0
0
0
0
0
0
   0.8746567826086875     
   0.8803554165664905     
   0.8855909494570042     
   0.8894964736922818     
   0.8916041084539585     
   0.8924992253658430     
   0.8933824644536648     
   0.8952040862882682     
   0.8981946848547082     
   0.9019197793738530     
   0.9055979635710139     
   0.9084378943324867     
   0.9097158083187585     
   0.9048545177089231     
   0.9043465577230216     
   0.9053376174157133     
   0.9070792632254238     
   0.9093543237162695     
   0.9119522258616428     
   0.9145835738696675     
   0.9169391895201781     
   0.9187881722242355     
   0.9200420373227172     
   0.9207584723390384     
   0.9210962799739428     
   0.9212513885363326     
   0.9214011416055318     
   0.9216702636604338     
   0.9221186793328274     
   0.9227448846537282     
   0.9234985088668624     
   0.9242982352519769     
   0.9250527211352634     
   0.9256815887164935     
   0.9261324995245362     
   0.9263906607262274     
   0.9264792063749329     
   0.9264516177059009     
   0.9263792942381247     
   0.9263379037366236     
   0.9263954426112274     
   0.9266036857273676     
   0.9269934996983636     
   0.9275736601918236     
   0.9283323988028522     
   0.9292408074192631     
   0.9302573083215021     
   0.9313325466528595     
   0.9324142132610923     
   0.9334514367775357     
   0.9343984891941562     
   0.9352176381664323     
