   0.0 
   0.6262231182324991     
   0.4609523789450177     
   0.4484146635686733     
   0.4581883671374642     
   0.4663833837397670     
   0.4683107620507878     
   0.4697896534256887     
   0.4779382780037671     
   0.4926337192703616     
   0.5066196696774361     
   0.5132898492697503     
   0.5121287468009401     
   0.5067751285415324     
   0.5019047056671526     
   0.5020085187184545     
   0.5107975822540189     
   0.5297132942708530     
   0.5562327926385324     
   0.5846003600440368     
   0.6091661063905012     
   0.6269484113998685     
   0.6377718963155865     
   0.6432491801558555     
   0.6458528948291902     
   0.6483483969429222     
   0.6534346747946738     
   0.6633886584677151     
   0.6795879997563392     
   0.7020204651823823     
   0.7291610706764240     
   0.7585066281489072     
   0.7875103015938719     
   0.8143124387115441     
   0.8379506159781738     
   0.8581842649192857     
   0.8752060774371054     
   0.8894043964983750     
   0.9012165068029486     
   0.9110548792419090     
   0.9192780933021769     
   0.9261849501649947     
   0.9320189089401694     
   0.9369761158777326     
   0.9412138749397332     
   0.9448582764187414     
   0.9480105970489423     
   0.9507524776575904     
   0.9531500316451034     
   0.9552570729764533     
   0.9571176417038465     
