  % results from k=1-101 using N=10, z_double_flat_exact_unit.usr, z_double_flat_exact_unit.rea 
   0.6494221988239630     
   0.6879799643997778     
   0.4607578786078400     
   0.4576835258130749     
   0.4752978279061337     
   0.4804843595065594     
   0.4781075240119538     
   0.4818874711336153     
   0.4944542995289282     
   0.5074481321021916     
   0.5133773167874081     
   0.5116885435424283     
   0.5062751089741904     
   0.5016307391651311     
   0.5019045594210159     
   0.5107589143527765     
   0.5296961238728527     
   0.5562240057764393     
   0.5845956059143462     
   0.6091634415095912     
   0.6269467017903299     
   0.6377704673224791     
   0.6432478167394320     
   0.6458517357701130     
   0.6483476111868576     
   0.6534342575848441     
   0.6633884948987170     
   0.6795879779647611     
   0.7020205122741975     
   0.7291611444275816     
   0.7585067039577986     
   0.7875103645784680     
   0.8143124797922972     
   0.8379506298850090     
   0.8581842489807169     
   0.8752060307522019     
   0.8894043193230212     
   0.9012164001087800     
   0.9110547444048596     
   0.9192779318973970     
   0.9261847638266464     
   0.9320186992908219     
   0.9369758844646514     
   0.9412136232277054     
   0.9448580057616951     
   0.9480103086999800     
   0.9507521727728897     
   0.9531497112860391     
   0.9552567381256580     
   0.9571172932505946     
   0.9587676171385204     
   0.9602376967044869     
   0.9615524792720818     
   0.9627328295810260     
   0.9637962875457786     
   0.9647576711597015     
   0.9656295585379920     
   0.9664226753436922     
   0.9671462076393279     
   0.9678080558866085     
   0.9684150421230172     
   0.9689730797574199     
   0.9694873133849257     
   0.9699622344455053     
   0.9704017773154260     
   0.9708093994447830     
   0.9711881485496402     
   0.9715407190391241     
   0.9718694997257373     
   0.9721766142161057     
   0.9724639552444798     
   0.9727332139911844     
   0.9729859051603014     
   0.9732233885149340     
   0.9734468874331496     
   0.9736575049516393     
   0.9738562376051373     
   0.9740439875243793     
   0.9742215729121161     
   0.9743897372483343     
   0.9745491572623716     
   0.9747004500230548     
   0.9748441791171324     
   0.9749808601165246     
   0.9751109653616565     
   0.9752349282918036     
   0.9753531471795139     
   0.9754659885133635     
   0.9755737900076443     
   0.9756768632270327     
   0.9757754960425276     
   0.9758699547145828     
   0.9759604858169483     
   0.9760473179828706     
   0.9761306634299420     
   0.9762107193573025     
   0.9762876692272165     
   0.9763616838646493     
   0.9764329225152654     
   0.9765015337743502     
   0.9765676564097929     
