% results from k=50-101 using N=6, z_mid_unit.usr, z_mid2.rea 
0
0
0
0
0
0
0
0
0
0
0
0
0
0
0
0
0
0
0
0
0
0
0
0
0
0
0
0
0
0
0
0
0
0
0
0
0
0
0
0
0
0
0
0
0
0
0
0
0
   0.9257069483243204     
   0.9291001273283536     
   0.9322477280769146     
   0.9351926954907906     
   0.9379411948416473     
   0.9404247179626286     
   0.9425339582656649     
   0.9442291082967907     
   0.9455951922349782     
   0.9467584209971042     
   0.9477408095688532     
   0.9483553182256703     
   0.9480844175151567     
   0.9464208836300567     
   0.9473707454454823     
   0.9482788238827993     
   0.9491444910063075     
   0.9499530143706315     
   0.9506949537834799     
   0.9513651480768304     
   0.9519612510302262     
   0.9524829384824528     
   0.9529316313451771     
   0.9533104784793198     
   0.9536243738918527     
   0.9538798468684064     
   0.9540847508462790     
   0.9542477683796554     
   0.9543778204423433     
   0.9544834966348715     
   0.9545726063071563     
   0.9546519049320997     
   0.9547269992374686     
   0.9548023971742325     
   0.9548816519055453     
   0.9549675497683261     
   0.9550623027565335     
   0.9551677195468166     
   0.9552853411245528     
   0.9554165359663593     
   0.9555625551991135     
   0.9557245518265003     
   0.9559035695750315     
   0.9561005083130291     
   0.9563160734314624     
   0.9565507170231422     
   0.9568045789506225     
   0.9570774354103170     
   0.9573686617647692     
   0.9576772149277439     
   0.9580016382676254     
   0.9583400892750470     
