%line 7: numeric, line 5 is by Ying with n=13 (z_double_flat_exact.usr, z_double_exact.rea)
75.63114056	113.6543028	41.88790205	0	0.525886451	0.15				0.626223118		-0.100336667
82.68922879	76.679597	31.65332648	0	0.447632828	0.1985				0.460952379		-0.013319551
69.18589475	58.36064012	25.4379972	0	0.430420352	0.247				0.448414664		-0.017994312
60.9301758	51.96382293	21.26289444	0	0.451962708	0.2955				0.458188367		-0.00622566
56.91245378	46.31602329	18.26507357	0	0.466701448	0.344				0.466383384		0.000318064
52.80428073	40.40312467	16.00811543	0	0.468997707	0.3925				0.468310762		0.000686945
47.9498346	35.89015103	14.24758573	0	0.470064415	0.441				0.469789653		0.000274761
43.42268054	33.25462898	12.83592504	0	0.477983436	0.4895				0.477938278		4.51584E-05
40.09594555	31.79886544	11.6787831	0	0.492634408	0.538				0.492633719		6.89224E-07
37.99944995	30.45386983	10.71301843	0	0.506610268	0.5865				0.50661967		-9.40134E-06
36.43345847	28.57225889	9.894780011	0	0.513277036	0.635				0.513289849		-1.28138E-05
34.62764479	26.26034203	9.192663215	0	0.512120113	0.6835				0.512128747		-8.63406E-06
32.27745472	24.02626308	8.583586485	0	0.506772799	0.732				0.506775129		-2.32988E-06
29.51489634	22.2921304	8.05020539	0	0.501904569	0.7805				0.501904706		-1.3663E-07
26.63152846	21.23462634	7.579234387	0	0.502008554	0.829				0.502008519		3.53969E-08
23.90988119	20.8444829	7.160325136	0	0.510797585	0.8775				0.510797582		2.54298E-09
21.57387895	20.99592671	6.785297308	0	0.529713288	0.926				0.529713294		-6.46856E-09
19.76468384	21.48439758	6.447599084	0	0.556232787	0.9745				0.556232793		-5.91314E-09
18.51588446	22.06953455	6.141921121	0	0.584600356	1.023				0.58460036		-3.99354E-09
17.75241876	22.53152253	5.863915359	0	0.609166104	1.0715				0.609166106		-2.51175E-09
17.31870505	22.71644153	5.609986881	0	0.62694841	1.12				0.626948411		-1.68336E-09
17.01941624	22.56061309	5.377137618	0	0.637771895	1.1685				0.637771896		-1.30199E-09
16.66547155	22.09628654	5.162847418	0	0.643249179	1.217				0.64324918		-1.02287E-09
16.11971649	21.43361955	4.964982463	0	0.645852894	1.2655				0.645852895		-6.69018E-10
15.32493674	20.71883528	4.781723978	0	0.648348397	1.314				0.648348397		-3.37852E-10
14.30083508	20.08704991	4.611512152	0	0.653434675	1.3625				0.653434675		-1.28221E-10
13.11764439	19.63163323	4.453001635	0	0.663388658	1.411				0.663388658		-3.8977E-11
11.86504106	19.39585774	4.305025904	0	0.679588	1.4595				0.679588		1.8785E-13
10.62811276	19.37931091	4.166568506	0	0.702020465	1.508				0.702020465		1.24278E-11
9.472597536	19.55090907	4.036739677	0	0.729161071	1.5565				0.729161071		1.12921E-11
8.438640222	19.86393517	3.914757201	0	0.758506628	1.605				0.758506628		7.02771E-13
7.542094569	20.26959197	3.799930636	0	0.787510302	1.6535				0.787510302		-3.26283E-12
6.78086586	20.72600117	3.691648242	0	0.814312439	1.702				0.814312439		-7.30205E-12
6.142557747	21.20179385	3.589366071	0	0.837950616	1.7505				0.837950616		-1.22707E-11
5.610635721	21.67579021	3.492598837	0	0.858184265	1.799				0.858184265		-1.13907E-11
5.168246965	22.13491479	3.40091221	0	0.875206077	1.8475				0.875206077		-1.13244E-11
4.800095204	22.57184471	3.313916301	0	0.889404396	1.896				0.889404396		-7.05092E-12
4.493097961	22.98305247	3.231260122	0	0.901216507	1.9445				0.901216507		-4.26559E-12
4.236414896	23.36738511	3.152626848	0	0.911054879	1.993				0.911054879		2.47313E-12
4.021208771	23.72510633	3.077729761	0	0.919278093	2.0415				0.919278093		7.32625E-12
3.840327699	24.05727893	3.006308759	0	0.92618495	2.09				0.92618495		1.33442E-11
3.687994621	24.36537855	2.938127336	0	0.932018909	2.1385				0.932018909		2.33578E-11
3.559536426	24.65105786	2.872969962	0	0.936976116	2.187				0.936976116		3.12406E-11
3.45116013	24.91600647	2.810639815	0	0.941213875	2.2355				0.941213875		4.03289E-11
3.359772999	25.16187061	2.750956789	0	0.944858276	2.284				0.944858276		4.93077E-11
3.282840047	25.39020971	2.693755759	0	0.948010597	2.3325				0.948010597		5.53037E-11
3.218271878	25.60247556	2.638885051	0	0.950752478	2.381				0.950752478		6.36856E-11
3.164336576	25.80000489	2.586205107	0	0.953150032	2.4295				0.953150032		7.15568E-11
3.119590416	25.98401987	2.535587291	0	0.955257073	2.478				0.955257073		8.2784E-11
3.082823233	26.15563294	2.486912847	0	0.957117642	2.5265				0.957117642		8.62826E-11
3.053015174	26.31585403	2.440071964	0	0.958767978	2.575				0.958767978		9.91913E-11
3.029302303	26.46559869	2.394962953	0	0.96023807	2.6235				0.96023807		1.0676E-10
3.010949123	26.60569638	2.351491507	0	0.961552864	2.672				0.961552864		1.157E-10
2.99732649	26.73689864	2.309570045	0	0.962733225	2.7205				0.962733225		1.26152E-10
2.987893786	26.85988673	2.269117121	0	0.963796693	2.769				0.963796693		1.32788E-10
2.982184447	26.97527865	2.230056897	0	0.964758086	2.8175				0.964758086		1.34797E-10
2.979794151	27.08363562	2.19231867	0	0.965629982	2.866				0.965629982		1.47354E-10
2.980371133	27.18546785	2.155836441	0	0.966423107	2.9145				0.966423107		1.54501E-10
2.983608205	27.2812398	2.120548534	0	0.967146647	2.963				0.967146647		1.58256E-10
2.989236142	27.37137483	2.086397246	0	0.967808503	3.0115				0.967808503		1.64833E-10
2.997018192	27.45625936	2.053328532	0	0.968415496	3.06				0.968415496		1.71018E-10
3.006745471	27.53624662	2.021291719	0	0.96897354	3.1085				0.96897354		1.79268E-10
3.018233119	27.61165995	1.990239248	0	0.96948778	3.157				0.96948778		1.85384E-10
3.031317043	27.68279573	1.960126441	0	0.969962707	3.2055				0.969962707		1.90834E-10
3.045851175	27.74992602	1.930911281	0	0.970402255	3.254				0.970402255		1.92481E-10
3.061705136	27.81330092	1.902554219	0	0.970809882	3.3025				0.970809882		1.98488E-10
3.078762246	27.87315064	1.875017997	0	0.971188636	3.351				0.971188636		2.10596E-10
3.096917829	27.92968736	1.848267483	0	0.971541211	3.3995				0.971541211		2.10771E-10
3.116077746	27.98310693	1.822269521	0	0.971869996	3.448				0.971869996		2.09976E-10
3.136157147	28.03359032	1.796992795	0	0.972177114	3.4965				0.972177114		2.12129E-10
3.157079377	28.081305	1.772407703	0	0.972464459	3.545				0.972464459		2.14907E-10
3.178775043	28.1264061	1.748486241	0	0.972733721	3.5935				0.97273372		2.23971E-10
3.201181197	28.16903754	1.725201897	0	0.972986415	3.642				0.972986415		2.23472E-10
3.224240621	28.20933295	1.702529551	0	0.973223901	3.6905				0.973223901		2.27794E-10
3.247901209	28.24741656	1.680445388	0	0.973447402	3.739				0.973447402		2.34702E-10
3.272115422	28.28340402	1.658926814	0	0.973658022	3.7875				0.973658022		2.32829E-10
3.296839812	28.31740306	1.637952374	0	0.973856757	3.836				0.973856756		2.30919E-10
3.3220346	28.34951419	1.617501688	0	0.974044508	3.8845				0.974044508		2.34732E-10
3.347663307	28.37983124	1.597555379	0	0.974222095	3.933				0.974222095		2.40509E-10
3.373692425	28.40844191	1.578095016	0	0.974390261	3.9815				0.974390261		2.32167E-10
3.400091129	28.43542825	1.559103054	0	0.974549682	4.03				0.974549682		2.35683E-10
3.426831018	28.46086709	1.540562782	0	0.974700976	4.0785				0.974700975		2.39565E-10
3.453885886	28.48483047	1.522458277	0	0.974844706	4.127				0.974844705		2.38969E-10
3.481231518	28.50738595	1.504774352	0	0.974981387	4.1755				0.974981387		2.48062E-10
3.508845509	28.52859698	1.487496522	0	0.975111493	4.224				0.975111492		2.28904E-10
3.536707098	28.5485232	1.470610955	0	0.975235456	4.2725				0.975235456		2.3195E-10
3.564797026	28.56722069	1.454104445	0	0.975353675	4.321				0.975353675		2.30309E-10
3.593097402	28.58474227	1.437964368	0	0.975466516	4.3695				0.975466516		2.38879E-10
3.621591587	28.60113769	1.422178657	0	0.975574317	4.418				0.975574317		2.30491E-10
3.650264084	28.61645386	1.406735768	0	0.97567739	4.4665				0.97567739		2.33578E-10
3.679100449	28.63073506	1.391624653	0	0.975776022	4.515				0.975776022		2.29123E-10
3.708087197	28.6440231	1.376834734	0	0.97587048	4.5635				0.97587048		2.34343E-10
3.737211731	28.65635749	1.362355878	0	0.975961011	4.612				0.97596101		2.31108E-10
3.766462266	28.66777561	1.348178373	0	0.976047842	4.6605				0.976047842		2.22403E-10
3.795827765	28.67831282	1.334292909	0	0.976131186	4.709				0.976131186		2.30703E-10
3.825297884	28.68800263	1.320690553	0	0.976211241	4.7575				0.976211241		2.33233E-10
3.854862918	28.69687678	1.307362736	0	0.976288189	4.806				0.976288189		2.16729E-10
3.884513749	28.70496539	1.294301227	0	0.976362203	4.8545				0.976362202		2.12534E-10
3.914241805	28.71229703	1.281498125	0	0.97643344	4.903				0.97643344		2.2486E-10
3.944039022	28.71889885	1.268945836	0	0.976502049	4.9515				0.976502049		2.14333E-10
3.9738978	28.72479663	1.256637061	0	0.97656817	5				0.97656817		2.11174E-10
